WIDTH = 1280
HEIGHT = 720
FULLSCREEN = 0
SCALE = 1.000000
MUSIC_VOLUME = 0.640000
SOUND_VOLUME = 0.395000
USER = steve

